r2_ul16 r2_ul16_275657_X 275657 283830 283830 0 0 0 0 0 0
r2_ul16 r2_ul16_283831_X 283831 284044 283885 0 0 0 0 0 0
r2_ul17 r2_ul17_297050_X 297050 297113 297113 0 0 0 0 0 0
r2_ul17 r2_ul17_297114_X 297114 297726 297726 0 0 0 0 0 0
r2_ul17 r2_ul17_297727_X 297727 300201 300201 0 0 0 0 0 0
r2_ul17 r2_ul17_300202_X 300202 301486 301486 0 0 0 0 0 0
r2_ul17 r2_ul17_301487_X 301487 304475 304475 0 0 0 0 0 0
r2_ul17 r2_ul17_304476_X 304476 305081 305081 0 0 0 0 0 0
r2_ul17 r2_ul17_305082_X 305082 306460 306460 0 0 0 0 0 0
r2_ul18 r2_ul18_315257_X 315257 315343 315343 0 0 0 0 0 0
r2_ul18 r2_ul18_315344_X 315344 316360 316360 0 0 0 0 0 0
r2_ul18 r2_ul18_316361_X 316361 316569 316569 0 0 0 0 0 0
r2_ul18 r2_ul18_316570_X 316570 318744 318744 0 0 0 0 0 0
r2_ul18 r2_ul18_318745_X 318745 319329 319329 0 0 0 0 0 0
r2_ul18 r2_ul18_319330_X 319330 321506 321506 0 0 0 0 0 0
r2_ul18 r2_ul18_321507_X 321507 322356 322356 0 0 0 0 0 0
r2_ul18 r2_ul18_322357_X 322357 322717 322717 0 0 0 0 0 0
r2_ul18 r2_ul18_323413_X 323413 324305 324305 0 0 0 0 0 0
r2_ul18 r2_ul18_324306_X 324306 325172 325172 0 0 0 0 0 0
r2_ul18_mc r2_ul18_mc_0_X 0 999999 999999 0 0 0 0 0 0
r3_p22 r3_p22_355374_X 355374 362760 362760 0 0 0 0 0 0
r3_p22 r3_p23_355374_X 362761 367883 367883 0 0 0 0 0 0
r3_p23 r3_p23_355374_X 362761 367883 367883 0 0 0 0 0 0
r3_p23 r3_p23_367884_X 367884 373577 370790 0 0 0 0 0 0
r3_p24 r3_p24_373578_X 373578 380360 380360 0 0 0 0 0 0
r3_p24 r3_p24_380361_X 380361 382721 382721 0 0 0 0 0 0
r3_p24 r3_p24_382722_X 382722 383362 383362 0 0 0 0 0 0
r3_p24 r3_p24_383363_X 383363 385152 385152 0 0 0 0 0 0
r3_p24 r3_p24_385153_X 385153 385727 385727 0 0 0 0 0 0
r3_p24 r3_p24_385728_X 385728 386951 386951 0 0 0 0 0 0
r3_p25 r3_p25_392926_X 392926 393609 393461 0 0 0 0 0 0
r3_p25 r3_p25_394637_X 394637 395148 395148 0 0 0 0 0 0
r3_p25 r3_p25_395149_X 395149 395650 395650 0 0 0 0 0 0
r3_p25 r3_p25_395651_X 395651 396096 396096 0 0 0 0 0 0
r3_p25 r3_p25_396097_X 396097 396597 396422 0 0 0 0 0 0
r3_p25 r3_p25_396733_X 396733 397304 397304 0 0 0 0 0 0
r3_p25 r3_p25_397332_X 397332 397638 397638 0 0 0 0 0 0
r3_p25 r3_p25_397639_X 397639 398123 398123 0 0 0 0 0 0
r3_p25 r3_p25_398124_X 398124 398396 398396 0 0 0 0 0 0
r3_p25 r3_p25_398397_X 398397 398860 398860 0 0 0 0 0 0
r3_p25unc r3_p25unc_392926_X 392926 393609 393461 0 0 0 0 0 0
r3_p25unc r3_p25unc_394637_X 394637 395148 395148 0 0 0 0 0 0
r3_p25unc r3_p25unc_395149_X 395149 395650 395650 0 0 0 0 0 0
r3_p25unc r3_p25unc_395651_X 395651 396096 396096 0 0 0 0 0 0
r3_p25unc r3_p25unc_396097_X 396097 396597 396422 0 0 0 0 0 0
r3_p25unc r3_p25unc_396733_X 396733 397304 397304 0 0 0 0 0 0
r3_p25unc r3_p25unc_397332_X 397332 397638 397638 0 0 0 0 0 0
r3_p25unc r3_p25unc_397639_X 397639 398123 398123 0 0 0 0 0 0
r3_p25unc r3_p25unc_398124_X 398124 398396 398396 0 0 0 0 0 0
r3_p25unc r3_p25unc_398397_X 398397 398860 398860 0 0 0 0 0 0
