r2_ul16 r2_ul16_273158_X 273158 284044 283885 0 0 0 0 0 0
r2_ul17 r2_ul17_296399_X 296399 297726 297726 0 0 0 0 0 0
r2_ul17 r2_ul17_297727_X 297727 300201 300201 0 0 0 0 0 0
r2_ul17 r2_ul17_300202_X 300202 301486 301486 0 0 0 0 0 0
r2_ul17 r2_ul17_301487_X 301487 304475 304475 0 0 0 0 0 0
r2_ul17 r2_ul17_304476_X 304476 306460 306460 0 0 0 0 0 0
r2_ul18 r2_ul18_314767_X 314767 315343 315343 0 0 0 0 0 0
r2_ul18 r2_ul18_315344_X 315344 316360 316360 0 0 0 0 0 0
r2_ul18 r2_ul18_316361_X 316361 316569 316569 0 0 0 0 0 0
r2_ul18 r2_ul18_316570_X 316570 318744 318744 0 0 0 0 0 0
r2_ul18 r2_ul18_318745_X 318745 319329 319329 0 0 0 0 0 0
r2_ul18 r2_ul18_319330_X 319330 321506 321506 0 0 0 0 0 0
r2_ul18 r2_ul18_321507_X 321507 322717 322717 0 0 0 0 0 0
r2_ul18 r2_ul18_323413_X 323413 324305 324305 0 0 0 0 0 0
r2_ul18 r2_ul18_324306_X 324306 325172 325172 0 0 0 0 0 0
r2_ul18_mc r2_ul18_mc_0_X 0 999999 999999 0 0 0 0 0 0
r3_p22 r3_p22_355374_X 355374 362760 362760 0 0 0 0 0 0
r3_p22 r3_p23_355374_X 362761 367883 367883 0 0 0 0 0 0
r3_p23 r3_p23_355374_X 362761 367883 367883 0 0 0 0 0 0
r3_p23 r3_p23_367884_X 367884 373577 370790 0 0 0 0 0 0
r3_p24 r3_p24_373578_X 373578 380360 380360 0 0 0 0 0 0
r3_p24 r3_p24_380361_X 380361 382721 382721 0 0 0 0 0 0
r3_p24 r3_p24_382722_X 382722 383362 383362 0 0 0 0 0 0
r3_p24 r3_p24_383363_X 383363 385152 385152 0 0 0 0 0 0
r3_p24 r3_p24_385153_X 385153 385727 385727 0 0 0 0 0 0
r3_p24 r3_p24_385728_X 385728 386951 386951 0 0 0 0 0 0
