r3_p22 r3_p22_355374_TT 355374 356316 356316 0 0
r3_p22 r3_p22_356317_TT 356317 356513 356513 0 0
r3_p22 r3_p22_356523_TT 356523 356578 356578 0 0
r3_p22 r3_p22_356579_TT 356579 356813 356813 0 0
r3_p22 r3_p22_356814_TT 356814 356947 356947 0 0
r3_p22 r3_p22_356948_TT 356948 356970 356970 0 0
r3_p22 r3_p22_356971_TT 356971 357081 357081 0 0
r3_p22 r3_p22_357082_TT 357082 357271 357271 0 0
r3_p22 r3_p22_357272_TT 357272 357332 357332 0 0
r3_p22 r3_p22_357333_TT 357333 357440 357440 0 0
r3_p22 r3_p22_357441_TT 357441 357500 357500 0 0
r3_p22 r3_p22_357501_TT 357501 357612 357612 0 0
r3_p22 r3_p22_357613_TT 357613 357700 357700 0 0
r3_p22 r3_p22_357701_TT 357701 357735 357735 0 0
r3_p22 r3_p22_357736_TT 357736 357778 357778 0 0
r3_p22 r3_p22_357779_TT 357779 357813 357813 0 0
r3_p22 r3_p22_357814_TT 357814 359566 359566 0 0
r3_p22 r3_p22_359567_TT 359567 359573 359573 0 0
r3_p22 r3_p22_359574_TT 359574 359689 359689 0 0
r3_p22 r3_p22_359690_TT 359690 359694 359694 0 0
r3_p22 r3_p22_359695_TT 359695 359699 359699 0 0
r3_p22 r3_p22_359700_TT 359700 359751 359751 0 0
r3_p22 r3_p22_359752_TT 359752 359774 359774 0 0
r3_p22 r3_p22_359775_TT 359775 359869 359869 0 0
r3_p22 r3_p22_359870_TT 359870 359870 359870 0 0
r3_p22 r3_p22_359871_TT 359871 359879 359879 0 0
r3_p22 r3_p22_359880_TT 359880 359894 359894 0 0
r3_p22 r3_p22_359895_TT 359895 359901 359901 0 0
r3_p22 r3_p22_359902_TT 359902 359998 359998 0 0
r3_p22 r3_p22_359999_TT 359999 360019 360019 0 0
r3_p22 r3_p22_360020_TT 360020 360090 360090 0 0
r3_p22 r3_p22_360091_TT 360091 360128 360128 0 0
r3_p22 r3_p22_360129_TT 360129 360130 360130 0 0
r3_p22 r3_p22_360131_TT 360131 360259 360259 0 0
r3_p22 r3_p22_360260_TT 360260 360330 360330 0 0
r3_p22 r3_p22_360331_TT 360331 360459 360459 0 0
r3_p22 r3_p22_360460_TT 360460 360490 360490 0 0
r3_p22 r3_p22_360491_TT 360491 360795 360795 0 0
r3_p22 r3_p22_360796_TT 360796 360825 360825 0 0
r3_p22 r3_p22_360826_TT 360826 360890 360890 0 0
r3_p22 r3_p22_360891_TT 360891 360919 360919 0 0
r3_p22 r3_p22_360920_TT 360920 360927 360927 0 0
r3_p22 r3_p22_360928_TT 360928 360948 360948 0 0
r3_p22 r3_p22_360949_TT 360949 361044 361044 0 0
r3_p22 r3_p22_361045_TT 361045 361045 361045 0 0
r3_p22 r3_p22_361046_TT 361046 361106 361106 0 0
r3_p22 r3_p22_361107_TT 361107 361197 361197 0 0
r3_p22 r3_p22_361198_TT 361198 361239 361239 0 0
r3_p22 r3_p22_361240_TT 361240 361280 361280 0 0
r3_p22 r3_p22_361281_TT 361281 361297 361297 0 0
r3_p22 r3_p22_361298_TT 361298 361303 361303 0 0
r3_p22 r3_p22_361304_TT 361304 361320 361320 0 0
r3_p22 r3_p22_361321_TT 361321 361366 361366 0 0
r3_p22 r3_p22_361367_TT 361367 361417 361417 0 0
r3_p22 r3_p22_361418_TT 361418 361443 361443 0 0
r3_p22 r3_p22_361444_TT 361444 361468 361468 0 0
r3_p22 r3_p22_361469_TT 361469 361475 361475 0 0
r3_p22 r3_p22_361476_TT 361476 361512 361512 0 0
r3_p22 r3_p22_361513_TT 361513 361579 361579 0 0
r3_p22 r3_p22_361580_TT 361580 361957 361957 0 0
r3_p22 r3_p22_361958_TT 361958 361971 361971 0 0
r3_p22 r3_p22_361972_TT 361972 362061 362061 0 0
r3_p22 r3_p22_362062_TT 362062 362064 362064 0 0
r3_p22 r3_p22_362065_TT 362065 362091 362091 0 0
r3_p22 r3_p22_362092_TT 362092 362107 362107 0 0
r3_p22 r3_p22_362108_TT 362108 362154 362154 0 0
r3_p22 r3_p22_362155_TT 362155 362167 362167 0 0
r3_p22 r3_p22_362168_TT 362168 362439 362439 0 0
r3_p22 r3_p22_362440_TT 362440 362617 362617 0 0
r3_p22 r3_p22_362618_TT 362618 362657 362657 0 0
r3_p22 r3_p22_362658_TT 362658 362696 362696 0 0
r3_p22 r3_p22_362697_TT 362697 362720 362720 0 0
r3_p22 r3_p22_362721_TT 362721 362760 362760 0 0
r3_p23 r3_p23_366934_TT 366930 367102 367102 0 0
r3_p23 r3_p23_367103_TT 367103 367112 367112 0 0
r3_p23 r3_p23_367113_TT 367113 367232 367232 0 0
r3_p23 r3_p23_367233_TT 367233 367264 367264 0 0
r3_p23 r3_p23_367265_TT 367265 367271 367271 0 0
r3_p23 r3_p23_367272_TT 367272 367334 367334 0 0
r3_p23 r3_p23_367335_TT 367335 367406 367406 0 0
r3_p23 r3_p23_367407_TT 367407 367413 367413 0 0
r3_p23 r3_p23_367414_TT 367414 367477 367477 0 0
r3_p23 r3_p23_367478_TT 367478 367516 367516 0 0
r3_p23 r3_p23_367517_TT 367517 367554 367554 0 0
r3_p23 r3_p23_367555_TT 367555 367619 367619 0 0
r3_p23 r3_p23_367620_TT 367620 367696 367696 0 0
r3_p23 r3_p23_367697_TT 367697 367742 367742 0 0
r3_p23 r3_p23_367743_TT 367743 367771 367771 0 0
r3_p23 r3_p23_367772_TT 367772 367836 367836 0 0
r3_p23 r3_p23_367837_TT 367837 367882 367882 0 0
r3_p23 r3_p23_367883_TT 367883 367883 367883 0 0
r3_p23 r3_p23_367884_TT 367884 367902 367902 0 0
r3_p23 r3_p23_367903_TT 367903 367908 367908 0 0
r3_p23 r3_p23_367909_TT 367909 368318 368318 0 0
r3_p23 r3_p23_368319_TT 368319 368382 368382 0 0
r3_p23 r3_p23_368383_TT 368383 368388 368388 0 0
r3_p23 r3_p23_368389_TT 368389 368410 368410 0 0
r3_p23 r3_p23_368411_TT 368411 368454 368454 0 0
r3_p23 r3_p23_368455_TT 368455 368489 368489 0 0
r3_p23 r3_p23_368490_TT 368490 368547 368547 0 0
r3_p23 r3_p23_368548_TT 368548 368566 368566 0 0
r3_p23 r3_p23_368567_TT 368567 368609 368609 0 0
r3_p23 r3_p23_368610_TT 368610 368636 368636 0 0
r3_p23 r3_p23_368637_TT 368637 368672 368672 0 0
r3_p23 r3_p23_368673_TT 368673 368685 368685 0 0
r3_p23 r3_p23_368686_TT 368686 368724 368724 0 0
r3_p23 r3_p23_368725_TT 368725 368753 368753 0 0
r3_p23 r3_p23_368754_TT 368754 368765 368765 0 0
r3_p23 r3_p23_368766_TT 368766 368825 368825 0 0
r3_p23 r3_p23_369927_TT 369927 370093 370093 0 0
r3_p23 r3_p23_370094_TT 370094 370129 370129 0 0
r3_p23 r3_p23_370130_TT 370130 370144 370144 0 0
r3_p23 r3_p23_370145_TT 370145 370169 370169 0 0
r3_p23 r3_p23_370170_TT 370170 370175 370175 0 0
r3_p23 r3_p23_370176_TT 370176 370293 370293 0 0
r3_p23 r3_p23_370294_TT 370294 370300 370300 0 0
r3_p23 r3_p23_370301_TT 370301 370332 370332 0 0
r3_p23 r3_p23_370333_TT 370333 370354 370354 0 0
r3_p23 r3_p23_370355_TT 370355 370496 370496 0 0
r3_p23 r3_p23_370497_TT 370497 370497 370497 0 0
r3_p23 r3_p23_370498_TT 370498 370580 370580 0 0
r3_p23 r3_p23_370581_TT 370581 370749 370749 0 0
r3_p23 r3_p23_370750_TT 370750 373861 370790 0 0
r3_p24 r3_p24_373862_TT 373862 379442 379442 0 0
r3_p24 r3_p24_379443_TT 379443 379470 379470 0 0
r3_p24 r3_p24_379471_TT 379471 379617 379617 0 0
r3_p24 r3_p24_379618_TT 379618 379660 379660 0 0
r3_p24 r3_p24_379661_TT 379661 379729 379729 0 0
r3_p24 r3_p24_379730_TT 379730 379765 379765 0 0
r3_p24 r3_p24_379766_TT 379766 379984 379984 0 0
r3_p24 r3_p24_379985_TT 379985 380005 380005 0 0
r3_p24 r3_p24_380006_TT 380006 380043 380043 0 0
r3_p24 r3_p24_380044_TT 380044 380051 380051 0 0
r3_p24 r3_p24_380052_TT 380052 380074 380074 0 0
r3_p24 r3_p24_380075_TT 380075 380115 380115 0 0
r3_p24 r3_p24_380116_TT 380116 380126 380126 0 0
r3_p24 r3_p24_380127_TT 380127 380197 380197 0 0
r3_p24 r3_p24_380198_TT 380198 380309 380309 0 0
r3_p24 r3_p24_380310_TT 380310 380310 380310 0 0
r3_p24 r3_p24_380311_TT 380311 380349 380349 0 0
r3_p24 r3_p24_380350_TT 380350 380360 380360 0 0
r3_p24 r3_p24_380361_TT 380361 380384 380384 0 0
r3_p24 r3_p24_380385_TT 380385 380385 380385 0 0
r3_p24 r3_p24_380386_TT 380386 380444 380444 0 0
r3_p24 r3_p24_380445_TT 380445 380446 380446 0 0
r3_p24 r3_p24_380447_TT 380447 380466 380466 0 0
r3_p24 r3_p24_380467_TT 380467 380470 380470 0 0
r3_p24 r3_p24_380471_TT 380471 380513 380513 0 0
r3_p24 r3_p24_380514_TT 380514 380531 380531 0 0
r3_p24 r3_p24_380532_TT 380532 380564 380564 0 0
r3_p24 r3_p24_380565_TT 380565 380623 380623 0 0
r3_p24 r3_p24_380624_TT 380624 380627 380627 0 0
r3_p24 r3_p24_380628_TT 380628 380945 380945 0 0
r3_p24 r3_p24_380946_TT 380946 380963 380963 0 0
r3_p24 r3_p24_380964_TT 380964 381065 381065 0 0
r3_p24 r3_p24_381066_TT 381066 381075 381075 0 0
r3_p24 r3_p24_381076_TT 381076 381080 381080 0 0
r3_p24 r3_p24_381081_TT 381081 381115 381115 0 0
r3_p24 r3_p24_381116_TT 381116 381151 381151 0 0
r3_p24 r3_p24_381152_TT 381152 381164 381164 0 0
r3_p24 r3_p24_381165_TT 381165 381190 381190 0 0
r3_p24 r3_p24_381191_TT 381191 381199 381199 0 0
r3_p24 r3_p24_381200_TT 381200 381286 381286 0 0
r3_p24 r3_p24_381287_TT 381287 381365 381365 0 0
r3_p24 r3_p24_381366_TT 381366 381379 381379 0 0
r3_p24 r3_p24_381380_TT 381380 381380 381380 0 0
r3_p24 r3_p24_381381_TT 381381 381384 381384 0 0
r3_p24 r3_p24_381385_TT 381385 381417 381417 0 0
r3_p24 r3_p24_381418_TT 381418 381443 381443 0 0
r3_p24 r3_p24_381444_TT 381444 381480 381480 0 0
r3_p24 r3_p24_381481_TT 381481 381499 381499 0 0
r3_p24 r3_p24_381500_TT 381500 381516 381516 0 0
r3_p24 r3_p24_381517_TT 381517 381544 381544 0 0
r3_p24 r3_p24_381545_TT 381545 382298 382298 0 0
r3_p24 r3_p24_382299_TT 382299 382300 382300 0 0
r3_p24 r3_p24_382301_TT 382301 382329 382329 0 0
r3_p24 r3_p24_382330_TT 382330 382343 382343 0 0
r3_p24 r3_p24_382344_TT 382344 382568 382568 0 0
r3_p24 r3_p24_382569_TT 382569 382580 382580 0 0
r3_p24 r3_p24_382581_TT 382581 382594 382594 0 0
r3_p24 r3_p24_382595_TT 382595 382617 382617 0 0
r3_p24 r3_p24_382618_TT 382618 382650 382650 0 0
r3_p24 r3_p24_382651_TT 382651 382654 382654 0 0
r3_p24 r3_p24_382655_TT 382655 382684 382684 0 0
r3_p24 r3_p24_382685_TT 382685 382725 382725 0 0
r3_p24 r3_p24_382726_TT 382726 382752 382752 0 0
r3_p24 r3_p24_382753_TT 382753 382769 382769 0 0
r3_p24 r3_p24_382770_TT 382770 382795 382795 0 0
r3_p24 r3_p24_382796_TT 382796 382811 382811 0 0
r3_p24 r3_p24_382812_TT 382812 382856 382856 0 0
r3_p24 r3_p24_382857_TT 382857 382878 382878 0 0
r3_p24 r3_p24_382879_TT 382879 382913 382913 0 0
r3_p24 r3_p24_382914_TT 382914 382921 382921 0 0
r3_p24 r3_p24_382922_TT 382922 382960 382960 0 0
r3_p24 r3_p24_382961_TT 382961 383148 383148 0 0
r3_p24 r3_p24_383149_TT 383149 383155 383155 0 0
r3_p24 r3_p24_383156_TT 383156 383162 383162 0 0
r3_p24 r3_p24_383163_TT 383163 383173 383173 0 0
r3_p24 r3_p24_383174_TT 383174 383174 383174 0 0
r3_p24 r3_p24_383175_TT 383175 383254 383254 0 0
r3_p24 r3_p24_383255_TT 383255 383275 383275 0 0
r3_p24 r3_p24_383276_TT 383276 383277 383277 0 0
r3_p24 r3_p24_383278_TT 383278 383323 383323 0 0
r3_p24 r3_p24_383324_TT 383324 383363 383363 0 0
r3_p24 r3_p24_383364_TT 383364 383368 383368 0 0
r3_p24 r3_p24_383369_TT 383369 383417 383417 0 0
r3_p24 r3_p24_383418_TT 383418 383418 383418 0 0
r3_p24 r3_p24_383419_TT 383419 383448 383448 0 0
r3_p24 r3_p24_383449_TT 383449 383449 383449 0 0
r3_p24 r3_p24_383450_TT 383450 383468 383468 0 0
r3_p24 r3_p24_383469_TT 383469 383487 383487 0 0
r3_p24 r3_p24_383488_TT 383488 383512 383512 0 0
r3_p24 r3_p24_383513_TT 383513 383630 383630 0 0
r3_p24 r3_p24_383631_TT 383631 383631 383631 0 0
r3_p24 r3_p24_383632_TT 383632 383662 383662 0 0
r3_p24 r3_p24_383663_TT 383663 383687 383687 0 0
r3_p24 r3_p24_383688_TT 383688 383692 383692 0 0
r3_p24 r3_p24_383693_TT 383693 383712 383712 0 0
r3_p24 r3_p24_383713_TT 383713 383741 383741 0 0
r3_p24 r3_p24_383742_TT 383742 383756 383756 0 0
r3_p24 r3_p24_383757_TT 383757 383767 383767 0 0
r3_p24 r3_p24_383768_TT 383768 383814 383814 0 0
r3_p24 r3_p24_383815_TT 383815 383834 383834 0 0
r3_p24 r3_p24_383835_TT 383835 383854 383854 0 0
r3_p24 r3_p24_383855_TT 383855 383907 383907 0 0
r3_p24 r3_p24_383908_TT 383908 383948 383948 0 0
r3_p24 r3_p24_383949_TT 383949 383949 383949 0 0
r3_p24 r3_p24_383950_TT 383950 383996 383996 0 0
r3_p24 r3_p24_383997_TT 383997 384052 384052 0 0
r3_p24 r3_p24_384053_TT 384053 384069 384069 0 0
r3_p24 r3_p24_384070_TT 384070 384128 384128 0 0
r3_p24 r3_p24_384129_TT 384129 384202 384202 0 0
r3_p24 r3_p24_384203_TT 384203 384209 384209 0 0
r3_p24 r3_p24_384210_TT 384210 384239 384239 0 0
r3_p24 r3_p24_384240_TT 384240 384264 384264 0 0
r3_p24 r3_p24_384265_TT 384265 384291 384291 0 0
r3_p24 r3_p24_384292_TT 384292 384323 384323 0 0
r3_p24 r3_p24_384324_TT 384324 384332 384332 0 0
r3_p24 r3_p24_384333_TT 384333 384383 384383 0 0
r3_p24 r3_p24_384384_TT 384384 384413 384413 0 0
r3_p24 r3_p24_384414_TT 384414 384468 384468 0 0
r3_p24 r3_p24_384469_TT 384469 384492 384492 0 0
r3_p24 r3_p24_384493_TT 384493 384565 384565 0 0
r3_p24 r3_p24_384566_TT 384566 384610 384610 0 0
r3_p24 r3_p24_384611_TT 384611 384614 384614 0 0
r3_p24 r3_p24_384615_TT 384615 384644 384644 0 0
r3_p24 r3_p24_384645_TT 384645 384935 384935 0 0
r3_p24 r3_p24_384936_TT 384936 384951 384951 0 0
r3_p24 r3_p24_384952_TT 384952 384963 384963 0 0
r3_p24 r3_p24_384964_TT 384964 384981 384981 0 0
r3_p24 r3_p24_384982_TT 384982 385016 385016 0 0
r3_p24 r3_p24_385017_TT 385017 385094 385094 0 0
r3_p24 r3_p24_385095_TT 385095 385127 385127 0 0
r3_p24 r3_p24_385128_TT 385128 385142 385142 0 0
r3_p24 r3_p24_385143_TT 385143 385152 385152 0 0
r3_p24 r3_p24_385153_TT 385153 385168 385168 0 0
r3_p24 r3_p24_385169_TT 385169 385194 385194 0 0
r3_p24 r3_p24_385195_TT 385195 385281 385281 0 0
r3_p24 r3_p24_385282_TT 385282 385286 385286 0 0
r3_p24 r3_p24_385287_TT 385287 385324 385324 0 0
r3_p24 r3_p24_385325_TT 385325 385355 385355 0 0
r3_p24 r3_p24_385356_TT 385356 385390 385390 0 0
r3_p24 r3_p24_385391_TT 385391 385415 385415 0 0
r3_p24 r3_p24_385416_TT 385416 385422 385422 0 0
r3_p24 r3_p24_385423_TT 385423 385424 385424 0 0
r3_p24 r3_p24_385425_TT 385425 385443 385443 0 0
r3_p24 r3_p24_385444_TT 385444 385474 385474 0 0
r3_p24 r3_p24_385475_TT 385475 385511 385511 0 0
r3_p24 r3_p24_385512_TT 385512 385515 385515 0 0
r3_p24 r3_p24_385516_TT 385516 385604 385604 0 0
r3_p24 r3_p24_385605_TT 385605 385620 385620 0 0
r3_p24 r3_p24_385621_TT 385621 385713 385713 0 0
r3_p24 r3_p24_385714_TT 385714 385728 385728 0 0
r3_p24 r3_p24_385729_TT 385729 385738 385738 0 0
r3_p24 r3_p24_385739_TT 385739 385764 385764 0 0
r3_p24 r3_p24_385765_TT 385765 385842 385842 0 0
r3_p24 r3_p24_385843_TT 385843 385889 385889 0 0
r3_p24 r3_p24_385890_TT 385890 385908 385908 0 0
r3_p24 r3_p24_385909_TT 385909 385934 385934 0 0
r3_p24 r3_p24_385935_TT 385935 385986 385986 0 0
r3_p24 r3_p24_385987_TT 385987 386010 386010 0 0
r3_p24 r3_p24_386011_TT 386011 386025 386025 0 0
r3_p24 r3_p24_386026_TT 386026 386319 386319 0 0
r3_p24 r3_p24_386320_TT 386320 386509 386509 0 0
r3_p24 r3_p24_386510_TT 386510 386553 386553 0 0
r3_p24 r3_p24_386554_TT 386554 386554 386554 0 0
r3_p24 r3_p24_386555_TT 386555 386593 386593 0 0
r3_p24 r3_p24_386594_TT 386594 386604 386604 0 0
r3_p24 r3_p24_386605_TT 386605 386614 386614 0 0
r3_p24 r3_p24_386615_TT 386615 386618 386618 0 0
r3_p24 r3_p24_386619_TT 386619 386640 386640 0 0
r3_p24 r3_p24_386641_TT 386641 386661 386661 0 0
r3_p24 r3_p24_386662_TT 386662 386673 386673 0 0
r3_p24 r3_p24_386674_TT 386674 386694 386694 0 0
r3_p24 r3_p24_386695_TT 386695 386704 386704 0 0
r3_p24 r3_p24_386705_TT 386705 386851 386851 0 0
r3_p24 r3_p24_386852_TT 386852 386854 386854 0 0
r3_p24 r3_p24_386855_TT 386855 386864 386864 0 0
r3_p24 r3_p24_386865_TT 386865 386885 386885 0 0
r3_p24 r3_p24_386886_TT 386886 386924 386924 0 0
r3_p24 r3_p24_386925_TT 386925 387741 387741 0 0
