RunIISummer20UL18RECO 25.89 1.31 0.1065 0.0 0.0 0.0 0.0 0.0 0.0 38.84 0.0 0.0853 0.0 0.0 0.0 0.0 0.0 0.0
r2_eoy17 31.3 2.9 0.1608 0.0 0.0 0.0 0.0 0.0 0.0 31.3 2.9 0.1608 0.0 0.0 0.0 0.0 0.0 0.0
r2_ul16 26.3 1.87 0.1606 0.0 0.0 0.0 0.0 0.0 0.0 34.48 1.05 0.1933 0.0 0.0 0.0 0.0 0.0 0.0
r2_ul17 26.55 1.51 0.1447 0.0 0.0 0.0 0.0 0.0 0.0 33.14 1.59 0.2075 0.0 0.0 0.0 0.0 0.0 0.0
r2_ul18 26.12 6.69 0.1006 0.0 0.0 0.0 0.0 0.0 0.0 42.03 0.0 0.3041 0.0 0.0 0.0 0.0 0.0 0.0
r2_ul18_mc 26.06 1.17 0.1077 0.0 0.0 0.0 0.0 0.0 0.0 39.68 0.0 0.0888 0.0 0.0 0.0 0.0 0.0 0.0
r3_p22 25.5 6.51 0.1728 0.0 0.0 0.2259 0.0 0.0 0.2259 43.0 0.0 0.2495 0.0 0.0 0.2550 0.0 0.0 0.2550
r3_p23 27.81 8.76 0.1338 0.0 0.0 0.2845 0.0 0.0 0.2845 41.49 0.0 0.3146 0.0 0.0 0.3995 0.0 0.0 0.3995
r3_p24 23.41 1.39 0.1707 0.0 0.0 0.3455 0.0 0.0 0.3455 35.10 7.27 0.2533 0.0 0.0 0.3125 0.0 0.0 0.3125
r3_p25 16.06 8.47 0.1354 0.174 0.181 0.193 0.178 0.207 0.621 17.97 8.76 0.1095 0.178 0.203 0.207 0.178 0.205 0.217
r3_p25unc 26.09 7.56 0.1109 0.151 0.158 0.162 0.157 0.173 0.618 26.71 5.61 0.1335 0.214 0.230 0.237 0.214 0.234 0.240
